2021/11/07-09:28:45.965133 114bd1e00 RocksDB version: 6.17.3
2021/11/07-09:28:45.965194 114bd1e00 Git sha rocksdb_build_git_sha:@09c7e96eac1ab983f97ce9e0406730b8014b3398@
2021/11/07-09:28:45.965198 114bd1e00 Compile date Oct  6 2021
2021/11/07-09:28:45.965219 114bd1e00 DB SUMMARY
2021/11/07-09:28:45.965221 114bd1e00 DB Session ID:  HS64LUB25LW9N3XP7W6U
2021/11/07-09:28:45.965609 114bd1e00 CURRENT file:  CURRENT
2021/11/07-09:28:45.965612 114bd1e00 IDENTITY file:  IDENTITY
2021/11/07-09:28:45.965618 114bd1e00 MANIFEST file:  MANIFEST-000003 size: 1376 Bytes
2021/11/07-09:28:45.965621 114bd1e00 SST files in test-ledger/rocksdb dir, Total Num: 0, files: 
2021/11/07-09:28:45.965623 114bd1e00 Write Ahead Log file in test-ledger/rocksdb: 000004.log size: 3918 ; 
2021/11/07-09:28:45.965625 114bd1e00                         Options.error_if_exists: 0
2021/11/07-09:28:45.965626 114bd1e00                       Options.create_if_missing: 1
2021/11/07-09:28:45.965628 114bd1e00                         Options.paranoid_checks: 1
2021/11/07-09:28:45.965629 114bd1e00                               Options.track_and_verify_wals_in_manifest: 0
2021/11/07-09:28:45.965630 114bd1e00                                     Options.env: 0x10e142bc8
2021/11/07-09:28:45.965632 114bd1e00                                      Options.fs: Posix File System
2021/11/07-09:28:45.965633 114bd1e00                                Options.info_log: 0x7fc34f51c870
2021/11/07-09:28:45.965634 114bd1e00                Options.max_file_opening_threads: 16
2021/11/07-09:28:45.965635 114bd1e00                              Options.statistics: 0x0
2021/11/07-09:28:45.965637 114bd1e00                               Options.use_fsync: 0
2021/11/07-09:28:45.965638 114bd1e00                       Options.max_log_file_size: 0
2021/11/07-09:28:45.965639 114bd1e00                  Options.max_manifest_file_size: 1073741824
2021/11/07-09:28:45.965640 114bd1e00                   Options.log_file_time_to_roll: 0
2021/11/07-09:28:45.965641 114bd1e00                       Options.keep_log_file_num: 1000
2021/11/07-09:28:45.965643 114bd1e00                    Options.recycle_log_file_num: 0
2021/11/07-09:28:45.965644 114bd1e00                         Options.allow_fallocate: 1
2021/11/07-09:28:45.965645 114bd1e00                        Options.allow_mmap_reads: 0
2021/11/07-09:28:45.965646 114bd1e00                       Options.allow_mmap_writes: 0
2021/11/07-09:28:45.965647 114bd1e00                        Options.use_direct_reads: 0
2021/11/07-09:28:45.965648 114bd1e00                        Options.use_direct_io_for_flush_and_compaction: 0
2021/11/07-09:28:45.965649 114bd1e00          Options.create_missing_column_families: 1
2021/11/07-09:28:45.965650 114bd1e00                              Options.db_log_dir: 
2021/11/07-09:28:45.965652 114bd1e00                                 Options.wal_dir: test-ledger/rocksdb
2021/11/07-09:28:45.965653 114bd1e00                Options.table_cache_numshardbits: 6
2021/11/07-09:28:45.965654 114bd1e00                         Options.WAL_ttl_seconds: 0
2021/11/07-09:28:45.965655 114bd1e00                       Options.WAL_size_limit_MB: 0
2021/11/07-09:28:45.965656 114bd1e00                        Options.max_write_batch_group_size_bytes: 1048576
2021/11/07-09:28:45.965657 114bd1e00             Options.manifest_preallocation_size: 4194304
2021/11/07-09:28:45.965659 114bd1e00                     Options.is_fd_close_on_exec: 1
2021/11/07-09:28:45.965660 114bd1e00                   Options.advise_random_on_open: 1
2021/11/07-09:28:45.965661 114bd1e00                    Options.db_write_buffer_size: 0
2021/11/07-09:28:45.965662 114bd1e00                    Options.write_buffer_manager: 0x7fc34f51c940
2021/11/07-09:28:45.965663 114bd1e00         Options.access_hint_on_compaction_start: 1
2021/11/07-09:28:45.965664 114bd1e00  Options.new_table_reader_for_compaction_inputs: 0
2021/11/07-09:28:45.965665 114bd1e00           Options.random_access_max_buffer_size: 1048576
2021/11/07-09:28:45.965666 114bd1e00                      Options.use_adaptive_mutex: 0
2021/11/07-09:28:45.965668 114bd1e00                            Options.rate_limiter: 0x0
2021/11/07-09:28:45.965704 114bd1e00     Options.sst_file_manager.rate_bytes_per_sec: 0
2021/11/07-09:28:45.965706 114bd1e00                       Options.wal_recovery_mode: 2
2021/11/07-09:28:45.965708 114bd1e00                  Options.enable_thread_tracking: 0
2021/11/07-09:28:45.965709 114bd1e00                  Options.enable_pipelined_write: 0
2021/11/07-09:28:45.965710 114bd1e00                  Options.unordered_write: 0
2021/11/07-09:28:45.965711 114bd1e00         Options.allow_concurrent_memtable_write: 1
2021/11/07-09:28:45.965712 114bd1e00      Options.enable_write_thread_adaptive_yield: 1
2021/11/07-09:28:45.965713 114bd1e00             Options.write_thread_max_yield_usec: 100
2021/11/07-09:28:45.965715 114bd1e00            Options.write_thread_slow_yield_usec: 3
2021/11/07-09:28:45.965716 114bd1e00                               Options.row_cache: None
2021/11/07-09:28:45.965717 114bd1e00                              Options.wal_filter: None
2021/11/07-09:28:45.965718 114bd1e00             Options.avoid_flush_during_recovery: 0
2021/11/07-09:28:45.965719 114bd1e00             Options.allow_ingest_behind: 0
2021/11/07-09:28:45.965720 114bd1e00             Options.preserve_deletes: 0
2021/11/07-09:28:45.965722 114bd1e00             Options.two_write_queues: 0
2021/11/07-09:28:45.965723 114bd1e00             Options.manual_wal_flush: 0
2021/11/07-09:28:45.965724 114bd1e00             Options.atomic_flush: 0
2021/11/07-09:28:45.965725 114bd1e00             Options.avoid_unnecessary_blocking_io: 0
2021/11/07-09:28:45.965726 114bd1e00                 Options.persist_stats_to_disk: 0
2021/11/07-09:28:45.965727 114bd1e00                 Options.write_dbid_to_manifest: 0
2021/11/07-09:28:45.965729 114bd1e00                 Options.log_readahead_size: 0
2021/11/07-09:28:45.965730 114bd1e00                 Options.file_checksum_gen_factory: Unknown
2021/11/07-09:28:45.965731 114bd1e00                 Options.best_efforts_recovery: 0
2021/11/07-09:28:45.965732 114bd1e00                Options.max_bgerror_resume_count: 2147483647
2021/11/07-09:28:45.965733 114bd1e00            Options.bgerror_resume_retry_interval: 1000000
2021/11/07-09:28:45.965735 114bd1e00             Options.allow_data_in_errors: 0
2021/11/07-09:28:45.965736 114bd1e00             Options.db_host_id: __hostname__
2021/11/07-09:28:45.965737 114bd1e00             Options.max_background_jobs: 16
2021/11/07-09:28:45.965738 114bd1e00             Options.max_background_compactions: -1
2021/11/07-09:28:45.965739 114bd1e00             Options.max_subcompactions: 1
2021/11/07-09:28:45.965741 114bd1e00             Options.avoid_flush_during_shutdown: 0
2021/11/07-09:28:45.965742 114bd1e00           Options.writable_file_max_buffer_size: 1048576
2021/11/07-09:28:45.965743 114bd1e00             Options.delayed_write_rate : 16777216
2021/11/07-09:28:45.965744 114bd1e00             Options.max_total_wal_size: 4294967296
2021/11/07-09:28:45.965745 114bd1e00             Options.delete_obsolete_files_period_micros: 21600000000
2021/11/07-09:28:45.965747 114bd1e00                   Options.stats_dump_period_sec: 600
2021/11/07-09:28:45.965748 114bd1e00                 Options.stats_persist_period_sec: 600
2021/11/07-09:28:45.965749 114bd1e00                 Options.stats_history_buffer_size: 1048576
2021/11/07-09:28:45.965750 114bd1e00                          Options.max_open_files: -1
2021/11/07-09:28:45.965752 114bd1e00                          Options.bytes_per_sync: 0
2021/11/07-09:28:45.965753 114bd1e00                      Options.wal_bytes_per_sync: 0
2021/11/07-09:28:45.965754 114bd1e00                   Options.strict_bytes_per_sync: 0
2021/11/07-09:28:45.965755 114bd1e00       Options.compaction_readahead_size: 0
2021/11/07-09:28:45.965756 114bd1e00                  Options.max_background_flushes: -1
2021/11/07-09:28:45.965757 114bd1e00 Compression algorithms supported:
2021/11/07-09:28:45.965759 114bd1e00 	kZSTD supported: 0
2021/11/07-09:28:45.965761 114bd1e00 	kZlibCompression supported: 0
2021/11/07-09:28:45.965762 114bd1e00 	kXpressCompression supported: 0
2021/11/07-09:28:45.965786 114bd1e00 	kSnappyCompression supported: 0
2021/11/07-09:28:45.965788 114bd1e00 	kZSTDNotFinalCompression supported: 0
2021/11/07-09:28:45.965789 114bd1e00 	kLZ4HCCompression supported: 1
2021/11/07-09:28:45.965790 114bd1e00 	kLZ4Compression supported: 1
2021/11/07-09:28:45.965792 114bd1e00 	kBZip2Compression supported: 0
2021/11/07-09:28:45.965794 114bd1e00 Fast CRC32 supported: Supported on x86
2021/11/07-09:28:45.967014 114bd1e00 [db/version_set.cc:4757] Recovering from manifest file: test-ledger/rocksdb/MANIFEST-000003
2021/11/07-09:28:45.967246 114bd1e00 [db/column_family.cc:597] --------------- Options for column family [default]:
2021/11/07-09:28:45.967251 114bd1e00               Options.comparator: leveldb.BytewiseComparator
2021/11/07-09:28:45.967253 114bd1e00           Options.merge_operator: None
2021/11/07-09:28:45.967255 114bd1e00        Options.compaction_filter: None
2021/11/07-09:28:45.967256 114bd1e00        Options.compaction_filter_factory: None
2021/11/07-09:28:45.967257 114bd1e00  Options.sst_partitioner_factory: None
2021/11/07-09:28:45.967258 114bd1e00         Options.memtable_factory: SkipListFactory
2021/11/07-09:28:45.967259 114bd1e00            Options.table_factory: BlockBasedTable
2021/11/07-09:28:45.967278 114bd1e00            table_factory options:   flush_block_policy_factory: FlushBlockBySizePolicyFactory (0x7fc34f50cb40)
  cache_index_and_filter_blocks: 0
  cache_index_and_filter_blocks_with_high_priority: 1
  pin_l0_filter_and_index_blocks_in_cache: 0
  pin_top_level_index_and_filter: 1
  index_type: 0
  data_block_index_type: 0
  index_shortening: 1
  data_block_hash_table_util_ratio: 0.750000
  hash_index_allow_collision: 1
  checksum: 1
  no_block_cache: 0
  block_cache: 0x7fc34f51b868
  block_cache_name: LRUCache
  block_cache_options:
    capacity : 8388608
    num_shard_bits : 4
    strict_capacity_limit : 0
    memory_allocator : None
    high_pri_pool_ratio: 0.000
  block_cache_compressed: 0x0
  persistent_cache: 0x0
  block_size: 4096
  block_size_deviation: 10
  block_restart_interval: 16
  index_block_restart_interval: 1
  metadata_block_size: 4096
  partition_filters: 0
  use_delta_encoding: 1
  filter_policy: nullptr
  whole_key_filtering: 1
  verify_compression: 0
  read_amp_bytes_per_bit: 0
  format_version: 4
  enable_index_compression: 1
  block_align: 0
2021/11/07-09:28:45.967283 114bd1e00        Options.write_buffer_size: 67108864
2021/11/07-09:28:45.967284 114bd1e00  Options.max_write_buffer_number: 2
2021/11/07-09:28:45.967286 114bd1e00          Options.compression: NoCompression
2021/11/07-09:28:45.967287 114bd1e00                  Options.bottommost_compression: Disabled
2021/11/07-09:28:45.967288 114bd1e00       Options.prefix_extractor: nullptr
2021/11/07-09:28:45.967290 114bd1e00   Options.memtable_insert_with_hint_prefix_extractor: nullptr
2021/11/07-09:28:45.967291 114bd1e00             Options.num_levels: 7
2021/11/07-09:28:45.967292 114bd1e00        Options.min_write_buffer_number_to_merge: 1
2021/11/07-09:28:45.967293 114bd1e00     Options.max_write_buffer_number_to_maintain: 0
2021/11/07-09:28:45.967294 114bd1e00     Options.max_write_buffer_size_to_maintain: 0
2021/11/07-09:28:45.967296 114bd1e00            Options.bottommost_compression_opts.window_bits: -14
2021/11/07-09:28:45.967297 114bd1e00                  Options.bottommost_compression_opts.level: 32767
2021/11/07-09:28:45.967298 114bd1e00               Options.bottommost_compression_opts.strategy: 0
2021/11/07-09:28:45.967299 114bd1e00         Options.bottommost_compression_opts.max_dict_bytes: 0
2021/11/07-09:28:45.967301 114bd1e00         Options.bottommost_compression_opts.zstd_max_train_bytes: 0
2021/11/07-09:28:45.967302 114bd1e00         Options.bottommost_compression_opts.parallel_threads: 1
2021/11/07-09:28:45.967303 114bd1e00                  Options.bottommost_compression_opts.enabled: false
2021/11/07-09:28:45.967304 114bd1e00            Options.compression_opts.window_bits: -14
2021/11/07-09:28:45.967306 114bd1e00                  Options.compression_opts.level: 32767
2021/11/07-09:28:45.967346 114bd1e00               Options.compression_opts.strategy: 0
2021/11/07-09:28:45.967348 114bd1e00         Options.compression_opts.max_dict_bytes: 0
2021/11/07-09:28:45.967350 114bd1e00         Options.compression_opts.zstd_max_train_bytes: 0
2021/11/07-09:28:45.967351 114bd1e00         Options.compression_opts.parallel_threads: 1
2021/11/07-09:28:45.967352 114bd1e00                  Options.compression_opts.enabled: false
2021/11/07-09:28:45.967353 114bd1e00      Options.level0_file_num_compaction_trigger: 4
2021/11/07-09:28:45.967354 114bd1e00          Options.level0_slowdown_writes_trigger: 20
2021/11/07-09:28:45.967356 114bd1e00              Options.level0_stop_writes_trigger: 36
2021/11/07-09:28:45.967357 114bd1e00                   Options.target_file_size_base: 67108864
2021/11/07-09:28:45.967358 114bd1e00             Options.target_file_size_multiplier: 1
2021/11/07-09:28:45.967359 114bd1e00                Options.max_bytes_for_level_base: 268435456
2021/11/07-09:28:45.967360 114bd1e00 Options.level_compaction_dynamic_level_bytes: 0
2021/11/07-09:28:45.967362 114bd1e00          Options.max_bytes_for_level_multiplier: 10.000000
2021/11/07-09:28:45.967363 114bd1e00 Options.max_bytes_for_level_multiplier_addtl[0]: 1
2021/11/07-09:28:45.967365 114bd1e00 Options.max_bytes_for_level_multiplier_addtl[1]: 1
2021/11/07-09:28:45.967366 114bd1e00 Options.max_bytes_for_level_multiplier_addtl[2]: 1
2021/11/07-09:28:45.967367 114bd1e00 Options.max_bytes_for_level_multiplier_addtl[3]: 1
2021/11/07-09:28:45.967369 114bd1e00 Options.max_bytes_for_level_multiplier_addtl[4]: 1
2021/11/07-09:28:45.967370 114bd1e00 Options.max_bytes_for_level_multiplier_addtl[5]: 1
2021/11/07-09:28:45.967371 114bd1e00 Options.max_bytes_for_level_multiplier_addtl[6]: 1
2021/11/07-09:28:45.967372 114bd1e00       Options.max_sequential_skip_in_iterations: 8
2021/11/07-09:28:45.967373 114bd1e00                    Options.max_compaction_bytes: 1677721600
2021/11/07-09:28:45.967374 114bd1e00                        Options.arena_block_size: 8388608
2021/11/07-09:28:45.967376 114bd1e00   Options.soft_pending_compaction_bytes_limit: 68719476736
2021/11/07-09:28:45.967377 114bd1e00   Options.hard_pending_compaction_bytes_limit: 274877906944
2021/11/07-09:28:45.967378 114bd1e00       Options.rate_limit_delay_max_milliseconds: 100
2021/11/07-09:28:45.967379 114bd1e00                Options.disable_auto_compactions: 0
2021/11/07-09:28:45.967381 114bd1e00                        Options.compaction_style: kCompactionStyleLevel
2021/11/07-09:28:45.967382 114bd1e00                          Options.compaction_pri: kMinOverlappingRatio
2021/11/07-09:28:45.967383 114bd1e00 Options.compaction_options_universal.size_ratio: 1
2021/11/07-09:28:45.967384 114bd1e00 Options.compaction_options_universal.min_merge_width: 2
2021/11/07-09:28:45.967385 114bd1e00 Options.compaction_options_universal.max_merge_width: 4294967295
2021/11/07-09:28:45.967387 114bd1e00 Options.compaction_options_universal.max_size_amplification_percent: 200
2021/11/07-09:28:45.967388 114bd1e00 Options.compaction_options_universal.compression_size_percent: -1
2021/11/07-09:28:45.967390 114bd1e00 Options.compaction_options_universal.stop_style: kCompactionStopStyleTotalSize
2021/11/07-09:28:45.967391 114bd1e00 Options.compaction_options_fifo.max_table_files_size: 1073741824
2021/11/07-09:28:45.967393 114bd1e00 Options.compaction_options_fifo.allow_compaction: 0
2021/11/07-09:28:45.967395 114bd1e00                   Options.table_properties_collectors: 
2021/11/07-09:28:45.967397 114bd1e00                   Options.inplace_update_support: 0
2021/11/07-09:28:45.967398 114bd1e00                 Options.inplace_update_num_locks: 10000
2021/11/07-09:28:45.967399 114bd1e00               Options.memtable_prefix_bloom_size_ratio: 0.000000
2021/11/07-09:28:45.967400 114bd1e00               Options.memtable_whole_key_filtering: 0
2021/11/07-09:28:45.967402 114bd1e00   Options.memtable_huge_page_size: 0
2021/11/07-09:28:45.967403 114bd1e00                           Options.bloom_locality: 0
2021/11/07-09:28:45.967427 114bd1e00                    Options.max_successive_merges: 0
2021/11/07-09:28:45.967429 114bd1e00                Options.optimize_filters_for_hits: 0
2021/11/07-09:28:45.967431 114bd1e00                Options.paranoid_file_checks: 0
2021/11/07-09:28:45.967432 114bd1e00                Options.force_consistency_checks: 1
2021/11/07-09:28:45.967433 114bd1e00                Options.report_bg_io_stats: 0
2021/11/07-09:28:45.967434 114bd1e00                               Options.ttl: 2592000
2021/11/07-09:28:45.967435 114bd1e00          Options.periodic_compaction_seconds: 0
2021/11/07-09:28:45.967436 114bd1e00                    Options.enable_blob_files: false
2021/11/07-09:28:45.967438 114bd1e00                        Options.min_blob_size: 0
2021/11/07-09:28:45.967439 114bd1e00                       Options.blob_file_size: 268435456
2021/11/07-09:28:45.967440 114bd1e00                Options.blob_compression_type: NoCompression
2021/11/07-09:28:45.967441 114bd1e00       Options.enable_blob_garbage_collection: false
2021/11/07-09:28:45.967443 114bd1e00   Options.blob_garbage_collection_age_cutoff: 0.250000
2021/11/07-09:28:45.967491 114bd1e00 [db/column_family.cc:597] --------------- Options for column family [meta]:
2021/11/07-09:28:45.967494 114bd1e00               Options.comparator: leveldb.BytewiseComparator
2021/11/07-09:28:45.967495 114bd1e00           Options.merge_operator: None
2021/11/07-09:28:45.967497 114bd1e00        Options.compaction_filter: None
2021/11/07-09:28:45.967498 114bd1e00        Options.compaction_filter_factory: purged_slot_filter_factory(meta)
2021/11/07-09:28:45.967499 114bd1e00  Options.sst_partitioner_factory: None
2021/11/07-09:28:45.967500 114bd1e00         Options.memtable_factory: SkipListFactory
2021/11/07-09:28:45.967502 114bd1e00            Options.table_factory: BlockBasedTable
2021/11/07-09:28:45.967516 114bd1e00            table_factory options:   flush_block_policy_factory: FlushBlockBySizePolicyFactory (0x7fc34f50b620)
  cache_index_and_filter_blocks: 0
  cache_index_and_filter_blocks_with_high_priority: 1
  pin_l0_filter_and_index_blocks_in_cache: 0
  pin_top_level_index_and_filter: 1
  index_type: 0
  data_block_index_type: 0
  index_shortening: 1
  data_block_hash_table_util_ratio: 0.750000
  hash_index_allow_collision: 1
  checksum: 1
  no_block_cache: 0
  block_cache: 0x7fc34f50b668
  block_cache_name: LRUCache
  block_cache_options:
    capacity : 8388608
    num_shard_bits : 4
    strict_capacity_limit : 0
    memory_allocator : None
    high_pri_pool_ratio: 0.000
  block_cache_compressed: 0x0
  persistent_cache: 0x0
  block_size: 4096
  block_size_deviation: 10
  block_restart_interval: 16
  index_block_restart_interval: 1
  metadata_block_size: 4096
  partition_filters: 0
  use_delta_encoding: 1
  filter_policy: nullptr
  whole_key_filtering: 1
  verify_compression: 0
  read_amp_bytes_per_bit: 0
  format_version: 4
  enable_index_compression: 1
  block_align: 0
2021/11/07-09:28:45.967519 114bd1e00        Options.write_buffer_size: 268435456
2021/11/07-09:28:45.967520 114bd1e00  Options.max_write_buffer_number: 8
2021/11/07-09:28:45.967522 114bd1e00          Options.compression: NoCompression
2021/11/07-09:28:45.967523 114bd1e00                  Options.bottommost_compression: Disabled
2021/11/07-09:28:45.967524 114bd1e00       Options.prefix_extractor: nullptr
2021/11/07-09:28:45.967525 114bd1e00   Options.memtable_insert_with_hint_prefix_extractor: nullptr
2021/11/07-09:28:45.967526 114bd1e00             Options.num_levels: 7
2021/11/07-09:28:45.967528 114bd1e00        Options.min_write_buffer_number_to_merge: 1
2021/11/07-09:28:45.967529 114bd1e00     Options.max_write_buffer_number_to_maintain: 0
2021/11/07-09:28:45.967530 114bd1e00     Options.max_write_buffer_size_to_maintain: 0
2021/11/07-09:28:45.967531 114bd1e00            Options.bottommost_compression_opts.window_bits: -14
2021/11/07-09:28:45.967532 114bd1e00                  Options.bottommost_compression_opts.level: 32767
2021/11/07-09:28:45.967534 114bd1e00               Options.bottommost_compression_opts.strategy: 0
2021/11/07-09:28:45.967561 114bd1e00         Options.bottommost_compression_opts.max_dict_bytes: 0
2021/11/07-09:28:45.967563 114bd1e00         Options.bottommost_compression_opts.zstd_max_train_bytes: 0
2021/11/07-09:28:45.967565 114bd1e00         Options.bottommost_compression_opts.parallel_threads: 1
2021/11/07-09:28:45.967566 114bd1e00                  Options.bottommost_compression_opts.enabled: false
2021/11/07-09:28:45.967567 114bd1e00            Options.compression_opts.window_bits: -14
2021/11/07-09:28:45.967568 114bd1e00                  Options.compression_opts.level: 32767
2021/11/07-09:28:45.967569 114bd1e00               Options.compression_opts.strategy: 0
2021/11/07-09:28:45.967570 114bd1e00         Options.compression_opts.max_dict_bytes: 0
2021/11/07-09:28:45.967572 114bd1e00         Options.compression_opts.zstd_max_train_bytes: 0
2021/11/07-09:28:45.967573 114bd1e00         Options.compression_opts.parallel_threads: 1
2021/11/07-09:28:45.967574 114bd1e00                  Options.compression_opts.enabled: false
2021/11/07-09:28:45.967575 114bd1e00      Options.level0_file_num_compaction_trigger: 4
2021/11/07-09:28:45.967576 114bd1e00          Options.level0_slowdown_writes_trigger: 20
2021/11/07-09:28:45.967577 114bd1e00              Options.level0_stop_writes_trigger: 36
2021/11/07-09:28:45.967579 114bd1e00                   Options.target_file_size_base: 107374182
2021/11/07-09:28:45.967580 114bd1e00             Options.target_file_size_multiplier: 1
2021/11/07-09:28:45.967581 114bd1e00                Options.max_bytes_for_level_base: 1073741824
2021/11/07-09:28:45.967582 114bd1e00 Options.level_compaction_dynamic_level_bytes: 0
2021/11/07-09:28:45.967583 114bd1e00          Options.max_bytes_for_level_multiplier: 10.000000
2021/11/07-09:28:45.967585 114bd1e00 Options.max_bytes_for_level_multiplier_addtl[0]: 1
2021/11/07-09:28:45.967586 114bd1e00 Options.max_bytes_for_level_multiplier_addtl[1]: 1
2021/11/07-09:28:45.967587 114bd1e00 Options.max_bytes_for_level_multiplier_addtl[2]: 1
2021/11/07-09:28:45.967588 114bd1e00 Options.max_bytes_for_level_multiplier_addtl[3]: 1
2021/11/07-09:28:45.967590 114bd1e00 Options.max_bytes_for_level_multiplier_addtl[4]: 1
2021/11/07-09:28:45.967591 114bd1e00 Options.max_bytes_for_level_multiplier_addtl[5]: 1
2021/11/07-09:28:45.967592 114bd1e00 Options.max_bytes_for_level_multiplier_addtl[6]: 1
2021/11/07-09:28:45.967593 114bd1e00       Options.max_sequential_skip_in_iterations: 8
2021/11/07-09:28:45.967594 114bd1e00                    Options.max_compaction_bytes: 2684354550
2021/11/07-09:28:45.967595 114bd1e00                        Options.arena_block_size: 33554432
2021/11/07-09:28:45.967597 114bd1e00   Options.soft_pending_compaction_bytes_limit: 68719476736
2021/11/07-09:28:45.967598 114bd1e00   Options.hard_pending_compaction_bytes_limit: 274877906944
2021/11/07-09:28:45.967599 114bd1e00       Options.rate_limit_delay_max_milliseconds: 100
2021/11/07-09:28:45.967600 114bd1e00                Options.disable_auto_compactions: 0
2021/11/07-09:28:45.967602 114bd1e00                        Options.compaction_style: kCompactionStyleLevel
2021/11/07-09:28:45.967603 114bd1e00                          Options.compaction_pri: kMinOverlappingRatio
2021/11/07-09:28:45.967604 114bd1e00 Options.compaction_options_universal.size_ratio: 1
2021/11/07-09:28:45.967605 114bd1e00 Options.compaction_options_universal.min_merge_width: 2
2021/11/07-09:28:45.967606 114bd1e00 Options.compaction_options_universal.max_merge_width: 4294967295
2021/11/07-09:28:45.967607 114bd1e00 Options.compaction_options_universal.max_size_amplification_percent: 200
2021/11/07-09:28:45.967609 114bd1e00 Options.compaction_options_universal.compression_size_percent: -1
2021/11/07-09:28:45.967610 114bd1e00 Options.compaction_options_universal.stop_style: kCompactionStopStyleTotalSize
2021/11/07-09:28:45.967612 114bd1e00 Options.compaction_options_fifo.max_table_files_size: 1073741824
2021/11/07-09:28:45.967613 114bd1e00 Options.compaction_options_fifo.allow_compaction: 0
2021/11/07-09:28:45.967636 114bd1e00                   Options.table_properties_collectors: 
2021/11/07-09:28:45.967638 114bd1e00                   Options.inplace_update_support: 0
2021/11/07-09:28:45.967639 114bd1e00                 Options.inplace_update_num_locks: 10000
2021/11/07-09:28:45.967640 114bd1e00               Options.memtable_prefix_bloom_size_ratio: 0.000000
2021/11/07-09:28:45.967641 114bd1e00               Options.memtable_whole_key_filtering: 0
2021/11/07-09:28:45.967643 114bd1e00   Options.memtable_huge_page_size: 0
2021/11/07-09:28:45.967644 114bd1e00                           Options.bloom_locality: 0
2021/11/07-09:28:45.967645 114bd1e00                    Options.max_successive_merges: 0
2021/11/07-09:28:45.967646 114bd1e00                Options.optimize_filters_for_hits: 0
2021/11/07-09:28:45.967647 114bd1e00                Options.paranoid_file_checks: 0
2021/11/07-09:28:45.967648 114bd1e00                Options.force_consistency_checks: 1
2021/11/07-09:28:45.967650 114bd1e00                Options.report_bg_io_stats: 0
2021/11/07-09:28:45.967651 114bd1e00                               Options.ttl: 2592000
2021/11/07-09:28:45.967652 114bd1e00          Options.periodic_compaction_seconds: 2592000
2021/11/07-09:28:45.967653 114bd1e00                    Options.enable_blob_files: false
2021/11/07-09:28:45.967654 114bd1e00                        Options.min_blob_size: 0
2021/11/07-09:28:45.967655 114bd1e00                       Options.blob_file_size: 268435456
2021/11/07-09:28:45.967657 114bd1e00                Options.blob_compression_type: NoCompression
2021/11/07-09:28:45.967658 114bd1e00       Options.enable_blob_garbage_collection: false
2021/11/07-09:28:45.967659 114bd1e00   Options.blob_garbage_collection_age_cutoff: 0.250000
2021/11/07-09:28:45.967686 114bd1e00 [db/column_family.cc:597] --------------- Options for column family [dead_slots]:
2021/11/07-09:28:45.967688 114bd1e00               Options.comparator: leveldb.BytewiseComparator
2021/11/07-09:28:45.967689 114bd1e00           Options.merge_operator: None
2021/11/07-09:28:45.967690 114bd1e00        Options.compaction_filter: None
2021/11/07-09:28:45.967691 114bd1e00        Options.compaction_filter_factory: purged_slot_filter_factory(dead_slots)
2021/11/07-09:28:45.967693 114bd1e00  Options.sst_partitioner_factory: None
2021/11/07-09:28:45.967694 114bd1e00         Options.memtable_factory: SkipListFactory
2021/11/07-09:28:45.967695 114bd1e00            Options.table_factory: BlockBasedTable
2021/11/07-09:28:45.967708 114bd1e00            table_factory options:   flush_block_policy_factory: FlushBlockBySizePolicyFactory (0x7fc34f50ce60)
  cache_index_and_filter_blocks: 0
  cache_index_and_filter_blocks_with_high_priority: 1
  pin_l0_filter_and_index_blocks_in_cache: 0
  pin_top_level_index_and_filter: 1
  index_type: 0
  data_block_index_type: 0
  index_shortening: 1
  data_block_hash_table_util_ratio: 0.750000
  hash_index_allow_collision: 1
  checksum: 1
  no_block_cache: 0
  block_cache: 0x7fc34f50cea8
  block_cache_name: LRUCache
  block_cache_options:
    capacity : 8388608
    num_shard_bits : 4
    strict_capacity_limit : 0
    memory_allocator : None
    high_pri_pool_ratio: 0.000
  block_cache_compressed: 0x0
  persistent_cache: 0x0
  block_size: 4096
  block_size_deviation: 10
  block_restart_interval: 16
  index_block_restart_interval: 1
  metadata_block_size: 4096
  partition_filters: 0
  use_delta_encoding: 1
  filter_policy: nullptr
  whole_key_filtering: 1
  verify_compression: 0
  read_amp_bytes_per_bit: 0
  format_version: 4
  enable_index_compression: 1
  block_align: 0
2021/11/07-09:28:45.967711 114bd1e00        Options.write_buffer_size: 268435456
2021/11/07-09:28:45.967712 114bd1e00  Options.max_write_buffer_number: 8
2021/11/07-09:28:45.967713 114bd1e00          Options.compression: NoCompression
2021/11/07-09:28:45.967714 114bd1e00                  Options.bottommost_compression: Disabled
2021/11/07-09:28:45.967716 114bd1e00       Options.prefix_extractor: nullptr
2021/11/07-09:28:45.967744 114bd1e00   Options.memtable_insert_with_hint_prefix_extractor: nullptr
2021/11/07-09:28:45.967746 114bd1e00             Options.num_levels: 7
2021/11/07-09:28:45.967747 114bd1e00        Options.min_write_buffer_number_to_merge: 1
2021/11/07-09:28:45.967748 114bd1e00     Options.max_write_buffer_number_to_maintain: 0
2021/11/07-09:28:45.967749 114bd1e00     Options.max_write_buffer_size_to_maintain: 0
2021/11/07-09:28:45.967750 114bd1e00            Options.bottommost_compression_opts.window_bits: -14
2021/11/07-09:28:45.967752 114bd1e00                  Options.bottommost_compression_opts.level: 32767
2021/11/07-09:28:45.967753 114bd1e00               Options.bottommost_compression_opts.strategy: 0
2021/11/07-09:28:45.967754 114bd1e00         Options.bottommost_compression_opts.max_dict_bytes: 0
2021/11/07-09:28:45.967755 114bd1e00         Options.bottommost_compression_opts.zstd_max_train_bytes: 0
2021/11/07-09:28:45.967757 114bd1e00         Options.bottommost_compression_opts.parallel_threads: 1
2021/11/07-09:28:45.967758 114bd1e00                  Options.bottommost_compression_opts.enabled: false
2021/11/07-09:28:45.967759 114bd1e00            Options.compression_opts.window_bits: -14
2021/11/07-09:28:45.967760 114bd1e00                  Options.compression_opts.level: 32767
2021/11/07-09:28:45.967761 114bd1e00               Options.compression_opts.strategy: 0
2021/11/07-09:28:45.967762 114bd1e00         Options.compression_opts.max_dict_bytes: 0
2021/11/07-09:28:45.967764 114bd1e00         Options.compression_opts.zstd_max_train_bytes: 0
2021/11/07-09:28:45.967765 114bd1e00         Options.compression_opts.parallel_threads: 1
2021/11/07-09:28:45.967766 114bd1e00                  Options.compression_opts.enabled: false
2021/11/07-09:28:45.967767 114bd1e00      Options.level0_file_num_compaction_trigger: 4
2021/11/07-09:28:45.967768 114bd1e00          Options.level0_slowdown_writes_trigger: 20
2021/11/07-09:28:45.967769 114bd1e00              Options.level0_stop_writes_trigger: 36
2021/11/07-09:28:45.967770 114bd1e00                   Options.target_file_size_base: 107374182
2021/11/07-09:28:45.967772 114bd1e00             Options.target_file_size_multiplier: 1
2021/11/07-09:28:45.967773 114bd1e00                Options.max_bytes_for_level_base: 1073741824
2021/11/07-09:28:45.967774 114bd1e00 Options.level_compaction_dynamic_level_bytes: 0
2021/11/07-09:28:45.967775 114bd1e00          Options.max_bytes_for_level_multiplier: 10.000000
2021/11/07-09:28:45.967777 114bd1e00 Options.max_bytes_for_level_multiplier_addtl[0]: 1
2021/11/07-09:28:45.967778 114bd1e00 Options.max_bytes_for_level_multiplier_addtl[1]: 1
2021/11/07-09:28:45.967779 114bd1e00 Options.max_bytes_for_level_multiplier_addtl[2]: 1
2021/11/07-09:28:45.967780 114bd1e00 Options.max_bytes_for_level_multiplier_addtl[3]: 1
2021/11/07-09:28:45.967781 114bd1e00 Options.max_bytes_for_level_multiplier_addtl[4]: 1
2021/11/07-09:28:45.967782 114bd1e00 Options.max_bytes_for_level_multiplier_addtl[5]: 1
2021/11/07-09:28:45.967784 114bd1e00 Options.max_bytes_for_level_multiplier_addtl[6]: 1
2021/11/07-09:28:45.967785 114bd1e00       Options.max_sequential_skip_in_iterations: 8
2021/11/07-09:28:45.967786 114bd1e00                    Options.max_compaction_bytes: 2684354550
2021/11/07-09:28:45.967787 114bd1e00                        Options.arena_block_size: 33554432
2021/11/07-09:28:45.967788 114bd1e00   Options.soft_pending_compaction_bytes_limit: 68719476736
2021/11/07-09:28:45.967790 114bd1e00   Options.hard_pending_compaction_bytes_limit: 274877906944
2021/11/07-09:28:45.967791 114bd1e00       Options.rate_limit_delay_max_milliseconds: 100
2021/11/07-09:28:45.967792 114bd1e00                Options.disable_auto_compactions: 0
2021/11/07-09:28:45.967793 114bd1e00                        Options.compaction_style: kCompactionStyleLevel
2021/11/07-09:28:45.967794 114bd1e00                          Options.compaction_pri: kMinOverlappingRatio
2021/11/07-09:28:45.967795 114bd1e00 Options.compaction_options_universal.size_ratio: 1
2021/11/07-09:28:45.967797 114bd1e00 Options.compaction_options_universal.min_merge_width: 2
2021/11/07-09:28:45.967819 114bd1e00 Options.compaction_options_universal.max_merge_width: 4294967295
2021/11/07-09:28:45.967820 114bd1e00 Options.compaction_options_universal.max_size_amplification_percent: 200
2021/11/07-09:28:45.967822 114bd1e00 Options.compaction_options_universal.compression_size_percent: -1
2021/11/07-09:28:45.967823 114bd1e00 Options.compaction_options_universal.stop_style: kCompactionStopStyleTotalSize
2021/11/07-09:28:45.967825 114bd1e00 Options.compaction_options_fifo.max_table_files_size: 1073741824
2021/11/07-09:28:45.967826 114bd1e00 Options.compaction_options_fifo.allow_compaction: 0
2021/11/07-09:28:45.967828 114bd1e00                   Options.table_properties_collectors: 
2021/11/07-09:28:45.967829 114bd1e00                   Options.inplace_update_support: 0
2021/11/07-09:28:45.967830 114bd1e00                 Options.inplace_update_num_locks: 10000
2021/11/07-09:28:45.967831 114bd1e00               Options.memtable_prefix_bloom_size_ratio: 0.000000
2021/11/07-09:28:45.967832 114bd1e00               Options.memtable_whole_key_filtering: 0
2021/11/07-09:28:45.967834 114bd1e00   Options.memtable_huge_page_size: 0
2021/11/07-09:28:45.967835 114bd1e00                           Options.bloom_locality: 0
2021/11/07-09:28:45.967836 114bd1e00                    Options.max_successive_merges: 0
2021/11/07-09:28:45.967837 114bd1e00                Options.optimize_filters_for_hits: 0
2021/11/07-09:28:45.967838 114bd1e00                Options.paranoid_file_checks: 0
2021/11/07-09:28:45.967839 114bd1e00                Options.force_consistency_checks: 1
2021/11/07-09:28:45.967841 114bd1e00                Options.report_bg_io_stats: 0
2021/11/07-09:28:45.967842 114bd1e00                               Options.ttl: 2592000
2021/11/07-09:28:45.967843 114bd1e00          Options.periodic_compaction_seconds: 2592000
2021/11/07-09:28:45.967844 114bd1e00                    Options.enable_blob_files: false
2021/11/07-09:28:45.967845 114bd1e00                        Options.min_blob_size: 0
2021/11/07-09:28:45.967846 114bd1e00                       Options.blob_file_size: 268435456
2021/11/07-09:28:45.967848 114bd1e00                Options.blob_compression_type: NoCompression
2021/11/07-09:28:45.967849 114bd1e00       Options.enable_blob_garbage_collection: false
2021/11/07-09:28:45.967850 114bd1e00   Options.blob_garbage_collection_age_cutoff: 0.250000
2021/11/07-09:28:45.967876 114bd1e00 [db/column_family.cc:597] --------------- Options for column family [duplicate_slots]:
2021/11/07-09:28:45.967878 114bd1e00               Options.comparator: leveldb.BytewiseComparator
2021/11/07-09:28:45.967880 114bd1e00           Options.merge_operator: None
2021/11/07-09:28:45.967881 114bd1e00        Options.compaction_filter: None
2021/11/07-09:28:45.967882 114bd1e00        Options.compaction_filter_factory: purged_slot_filter_factory(duplicate_slots)
2021/11/07-09:28:45.967883 114bd1e00  Options.sst_partitioner_factory: None
2021/11/07-09:28:45.967884 114bd1e00         Options.memtable_factory: SkipListFactory
2021/11/07-09:28:45.967885 114bd1e00            Options.table_factory: BlockBasedTable
2021/11/07-09:28:45.967898 114bd1e00            table_factory options:   flush_block_policy_factory: FlushBlockBySizePolicyFactory (0x7fc34f50e360)
  cache_index_and_filter_blocks: 0
  cache_index_and_filter_blocks_with_high_priority: 1
  pin_l0_filter_and_index_blocks_in_cache: 0
  pin_top_level_index_and_filter: 1
  index_type: 0
  data_block_index_type: 0
  index_shortening: 1
  data_block_hash_table_util_ratio: 0.750000
  hash_index_allow_collision: 1
  checksum: 1
  no_block_cache: 0
  block_cache: 0x7fc34f50e3a8
  block_cache_name: LRUCache
  block_cache_options:
    capacity : 8388608
    num_shard_bits : 4
    strict_capacity_limit : 0
    memory_allocator : None
    high_pri_pool_ratio: 0.000
  block_cache_compressed: 0x0
  persistent_cache: 0x0
  block_size: 4096
  block_size_deviation: 10
  block_restart_interval: 16
  index_block_restart_interval: 1
  metadata_block_size: 4096
  partition_filters: 0
  use_delta_encoding: 1
  filter_policy: nullptr
  whole_key_filtering: 1
  verify_compression: 0
  read_amp_bytes_per_bit: 0
  format_version: 4
  enable_index_compression: 1
  block_align: 0
2021/11/07-09:28:45.967925 114bd1e00        Options.write_buffer_size: 268435456
2021/11/07-09:28:45.967927 114bd1e00  Options.max_write_buffer_number: 8
2021/11/07-09:28:45.967928 114bd1e00          Options.compression: NoCompression
2021/11/07-09:28:45.967929 114bd1e00                  Options.bottommost_compression: Disabled
2021/11/07-09:28:45.967930 114bd1e00       Options.prefix_extractor: nullptr
2021/11/07-09:28:45.967932 114bd1e00   Options.memtable_insert_with_hint_prefix_extractor: nullptr
2021/11/07-09:28:45.967933 114bd1e00             Options.num_levels: 7
2021/11/07-09:28:45.967934 114bd1e00        Options.min_write_buffer_number_to_merge: 1
2021/11/07-09:28:45.967935 114bd1e00     Options.max_write_buffer_number_to_maintain: 0
2021/11/07-09:28:45.967936 114bd1e00     Options.max_write_buffer_size_to_maintain: 0
2021/11/07-09:28:45.967937 114bd1e00            Options.bottommost_compression_opts.window_bits: -14
2021/11/07-09:28:45.967939 114bd1e00                  Options.bottommost_compression_opts.level: 32767
2021/11/07-09:28:45.967940 114bd1e00               Options.bottommost_compression_opts.strategy: 0
2021/11/07-09:28:45.967941 114bd1e00         Options.bottommost_compression_opts.max_dict_bytes: 0
2021/11/07-09:28:45.967942 114bd1e00         Options.bottommost_compression_opts.zstd_max_train_bytes: 0
2021/11/07-09:28:45.967943 114bd1e00         Options.bottommost_compression_opts.parallel_threads: 1
2021/11/07-09:28:45.967945 114bd1e00                  Options.bottommost_compression_opts.enabled: false
2021/11/07-09:28:45.967946 114bd1e00            Options.compression_opts.window_bits: -14
2021/11/07-09:28:45.967947 114bd1e00                  Options.compression_opts.level: 32767
2021/11/07-09:28:45.967948 114bd1e00               Options.compression_opts.strategy: 0
2021/11/07-09:28:45.967949 114bd1e00         Options.compression_opts.max_dict_bytes: 0
2021/11/07-09:28:45.967950 114bd1e00         Options.compression_opts.zstd_max_train_bytes: 0
2021/11/07-09:28:45.967952 114bd1e00         Options.compression_opts.parallel_threads: 1
2021/11/07-09:28:45.967953 114bd1e00                  Options.compression_opts.enabled: false
2021/11/07-09:28:45.967954 114bd1e00      Options.level0_file_num_compaction_trigger: 4
2021/11/07-09:28:45.967955 114bd1e00          Options.level0_slowdown_writes_trigger: 20
2021/11/07-09:28:45.967956 114bd1e00              Options.level0_stop_writes_trigger: 36
2021/11/07-09:28:45.967957 114bd1e00                   Options.target_file_size_base: 107374182
2021/11/07-09:28:45.967958 114bd1e00             Options.target_file_size_multiplier: 1
2021/11/07-09:28:45.967960 114bd1e00                Options.max_bytes_for_level_base: 1073741824
2021/11/07-09:28:45.967961 114bd1e00 Options.level_compaction_dynamic_level_bytes: 0
