2021/11/07-09:28:45.356849 114bd1e00 RocksDB version: 6.17.3
2021/11/07-09:28:45.357199 114bd1e00 Git sha rocksdb_build_git_sha:@09c7e96eac1ab983f97ce9e0406730b8014b3398@
2021/11/07-09:28:45.357202 114bd1e00 Compile date Oct  6 2021
2021/11/07-09:28:45.357236 114bd1e00 DB SUMMARY
2021/11/07-09:28:45.357240 114bd1e00 DB Session ID:  ENWS8CIDR0WGCVZCGMGD
2021/11/07-09:28:45.357322 114bd1e00 SST files in test-ledger/rocksdb dir, Total Num: 0, files: 
2021/11/07-09:28:45.357325 114bd1e00 Write Ahead Log file in test-ledger/rocksdb: 
2021/11/07-09:28:45.357327 114bd1e00                         Options.error_if_exists: 0
2021/11/07-09:28:45.357328 114bd1e00                       Options.create_if_missing: 1
2021/11/07-09:28:45.357329 114bd1e00                         Options.paranoid_checks: 1
2021/11/07-09:28:45.357330 114bd1e00                               Options.track_and_verify_wals_in_manifest: 0
2021/11/07-09:28:45.357331 114bd1e00                                     Options.env: 0x10e142bc8
2021/11/07-09:28:45.357332 114bd1e00                                      Options.fs: Posix File System
2021/11/07-09:28:45.357334 114bd1e00                                Options.info_log: 0x7fc351115790
2021/11/07-09:28:45.357335 114bd1e00                Options.max_file_opening_threads: 16
2021/11/07-09:28:45.357336 114bd1e00                              Options.statistics: 0x0
2021/11/07-09:28:45.357337 114bd1e00                               Options.use_fsync: 0
2021/11/07-09:28:45.357337 114bd1e00                       Options.max_log_file_size: 0
2021/11/07-09:28:45.357338 114bd1e00                  Options.max_manifest_file_size: 1073741824
2021/11/07-09:28:45.357339 114bd1e00                   Options.log_file_time_to_roll: 0
2021/11/07-09:28:45.357340 114bd1e00                       Options.keep_log_file_num: 1000
2021/11/07-09:28:45.357341 114bd1e00                    Options.recycle_log_file_num: 0
2021/11/07-09:28:45.357342 114bd1e00                         Options.allow_fallocate: 1
2021/11/07-09:28:45.357343 114bd1e00                        Options.allow_mmap_reads: 0
2021/11/07-09:28:45.357344 114bd1e00                       Options.allow_mmap_writes: 0
2021/11/07-09:28:45.357345 114bd1e00                        Options.use_direct_reads: 0
2021/11/07-09:28:45.357346 114bd1e00                        Options.use_direct_io_for_flush_and_compaction: 0
2021/11/07-09:28:45.357347 114bd1e00          Options.create_missing_column_families: 1
2021/11/07-09:28:45.357348 114bd1e00                              Options.db_log_dir: 
2021/11/07-09:28:45.357349 114bd1e00                                 Options.wal_dir: test-ledger/rocksdb
2021/11/07-09:28:45.357350 114bd1e00                Options.table_cache_numshardbits: 6
2021/11/07-09:28:45.357350 114bd1e00                         Options.WAL_ttl_seconds: 0
2021/11/07-09:28:45.357351 114bd1e00                       Options.WAL_size_limit_MB: 0
2021/11/07-09:28:45.357352 114bd1e00                        Options.max_write_batch_group_size_bytes: 1048576
2021/11/07-09:28:45.357353 114bd1e00             Options.manifest_preallocation_size: 4194304
2021/11/07-09:28:45.357354 114bd1e00                     Options.is_fd_close_on_exec: 1
2021/11/07-09:28:45.357355 114bd1e00                   Options.advise_random_on_open: 1
2021/11/07-09:28:45.357356 114bd1e00                    Options.db_write_buffer_size: 0
2021/11/07-09:28:45.357357 114bd1e00                    Options.write_buffer_manager: 0x7fc351115860
2021/11/07-09:28:45.357358 114bd1e00         Options.access_hint_on_compaction_start: 1
2021/11/07-09:28:45.357359 114bd1e00  Options.new_table_reader_for_compaction_inputs: 0
2021/11/07-09:28:45.357360 114bd1e00           Options.random_access_max_buffer_size: 1048576
2021/11/07-09:28:45.357361 114bd1e00                      Options.use_adaptive_mutex: 0
2021/11/07-09:28:45.357362 114bd1e00                            Options.rate_limiter: 0x0
2021/11/07-09:28:45.357363 114bd1e00     Options.sst_file_manager.rate_bytes_per_sec: 0
2021/11/07-09:28:45.357364 114bd1e00                       Options.wal_recovery_mode: 2
2021/11/07-09:28:45.357365 114bd1e00                  Options.enable_thread_tracking: 0
2021/11/07-09:28:45.357393 114bd1e00                  Options.enable_pipelined_write: 0
2021/11/07-09:28:45.357395 114bd1e00                  Options.unordered_write: 0
2021/11/07-09:28:45.357396 114bd1e00         Options.allow_concurrent_memtable_write: 1
2021/11/07-09:28:45.357397 114bd1e00      Options.enable_write_thread_adaptive_yield: 1
2021/11/07-09:28:45.357398 114bd1e00             Options.write_thread_max_yield_usec: 100
2021/11/07-09:28:45.357399 114bd1e00            Options.write_thread_slow_yield_usec: 3
2021/11/07-09:28:45.357400 114bd1e00                               Options.row_cache: None
2021/11/07-09:28:45.357401 114bd1e00                              Options.wal_filter: None
2021/11/07-09:28:45.357402 114bd1e00             Options.avoid_flush_during_recovery: 0
2021/11/07-09:28:45.357403 114bd1e00             Options.allow_ingest_behind: 0
2021/11/07-09:28:45.357403 114bd1e00             Options.preserve_deletes: 0
2021/11/07-09:28:45.357404 114bd1e00             Options.two_write_queues: 0
2021/11/07-09:28:45.357405 114bd1e00             Options.manual_wal_flush: 0
2021/11/07-09:28:45.357406 114bd1e00             Options.atomic_flush: 0
2021/11/07-09:28:45.357407 114bd1e00             Options.avoid_unnecessary_blocking_io: 0
2021/11/07-09:28:45.357408 114bd1e00                 Options.persist_stats_to_disk: 0
2021/11/07-09:28:45.357409 114bd1e00                 Options.write_dbid_to_manifest: 0
2021/11/07-09:28:45.357410 114bd1e00                 Options.log_readahead_size: 0
2021/11/07-09:28:45.357411 114bd1e00                 Options.file_checksum_gen_factory: Unknown
2021/11/07-09:28:45.357412 114bd1e00                 Options.best_efforts_recovery: 0
2021/11/07-09:28:45.357413 114bd1e00                Options.max_bgerror_resume_count: 2147483647
2021/11/07-09:28:45.357414 114bd1e00            Options.bgerror_resume_retry_interval: 1000000
2021/11/07-09:28:45.357415 114bd1e00             Options.allow_data_in_errors: 0
2021/11/07-09:28:45.357416 114bd1e00             Options.db_host_id: __hostname__
2021/11/07-09:28:45.357417 114bd1e00             Options.max_background_jobs: 16
2021/11/07-09:28:45.357418 114bd1e00             Options.max_background_compactions: -1
2021/11/07-09:28:45.357419 114bd1e00             Options.max_subcompactions: 1
2021/11/07-09:28:45.357420 114bd1e00             Options.avoid_flush_during_shutdown: 0
2021/11/07-09:28:45.357421 114bd1e00           Options.writable_file_max_buffer_size: 1048576
2021/11/07-09:28:45.357421 114bd1e00             Options.delayed_write_rate : 16777216
2021/11/07-09:28:45.357422 114bd1e00             Options.max_total_wal_size: 4294967296
2021/11/07-09:28:45.357423 114bd1e00             Options.delete_obsolete_files_period_micros: 21600000000
2021/11/07-09:28:45.357424 114bd1e00                   Options.stats_dump_period_sec: 600
2021/11/07-09:28:45.357425 114bd1e00                 Options.stats_persist_period_sec: 600
2021/11/07-09:28:45.357426 114bd1e00                 Options.stats_history_buffer_size: 1048576
2021/11/07-09:28:45.357427 114bd1e00                          Options.max_open_files: -1
2021/11/07-09:28:45.357428 114bd1e00                          Options.bytes_per_sync: 0
2021/11/07-09:28:45.357429 114bd1e00                      Options.wal_bytes_per_sync: 0
2021/11/07-09:28:45.357430 114bd1e00                   Options.strict_bytes_per_sync: 0
2021/11/07-09:28:45.357431 114bd1e00       Options.compaction_readahead_size: 0
2021/11/07-09:28:45.357432 114bd1e00                  Options.max_background_flushes: -1
2021/11/07-09:28:45.357433 114bd1e00 Compression algorithms supported:
2021/11/07-09:28:45.357434 114bd1e00 	kZSTD supported: 0
2021/11/07-09:28:45.357435 114bd1e00 	kZlibCompression supported: 0
2021/11/07-09:28:45.357437 114bd1e00 	kXpressCompression supported: 0
2021/11/07-09:28:45.357438 114bd1e00 	kSnappyCompression supported: 0
2021/11/07-09:28:45.357439 114bd1e00 	kZSTDNotFinalCompression supported: 0
2021/11/07-09:28:45.357440 114bd1e00 	kLZ4HCCompression supported: 1
2021/11/07-09:28:45.357459 114bd1e00 	kLZ4Compression supported: 1
2021/11/07-09:28:45.357461 114bd1e00 	kBZip2Compression supported: 0
2021/11/07-09:28:45.357462 114bd1e00 Fast CRC32 supported: Supported on x86
2021/11/07-09:28:45.358044 114bd1e00 [db/db_impl/db_impl_open.cc:283] Creating manifest 1 
2021/11/07-09:28:45.358839 114bd1e00 [db/version_set.cc:4757] Recovering from manifest file: test-ledger/rocksdb/MANIFEST-000001
2021/11/07-09:28:45.358934 114bd1e00 [db/column_family.cc:597] --------------- Options for column family [default]:
2021/11/07-09:28:45.358939 114bd1e00               Options.comparator: leveldb.BytewiseComparator
2021/11/07-09:28:45.358940 114bd1e00           Options.merge_operator: None
2021/11/07-09:28:45.358941 114bd1e00        Options.compaction_filter: None
2021/11/07-09:28:45.358942 114bd1e00        Options.compaction_filter_factory: None
2021/11/07-09:28:45.358943 114bd1e00  Options.sst_partitioner_factory: None
2021/11/07-09:28:45.358944 114bd1e00         Options.memtable_factory: SkipListFactory
2021/11/07-09:28:45.358945 114bd1e00            Options.table_factory: BlockBasedTable
2021/11/07-09:28:45.358964 114bd1e00            table_factory options:   flush_block_policy_factory: FlushBlockBySizePolicyFactory (0x7fc351106300)
  cache_index_and_filter_blocks: 0
  cache_index_and_filter_blocks_with_high_priority: 1
  pin_l0_filter_and_index_blocks_in_cache: 0
  pin_top_level_index_and_filter: 1
  index_type: 0
  data_block_index_type: 0
  index_shortening: 1
  data_block_hash_table_util_ratio: 0.750000
  hash_index_allow_collision: 1
  checksum: 1
  no_block_cache: 0
  block_cache: 0x7fc351114788
  block_cache_name: LRUCache
  block_cache_options:
    capacity : 8388608
    num_shard_bits : 4
    strict_capacity_limit : 0
    memory_allocator : None
    high_pri_pool_ratio: 0.000
  block_cache_compressed: 0x0
  persistent_cache: 0x0
  block_size: 4096
  block_size_deviation: 10
  block_restart_interval: 16
  index_block_restart_interval: 1
  metadata_block_size: 4096
  partition_filters: 0
  use_delta_encoding: 1
  filter_policy: nullptr
  whole_key_filtering: 1
  verify_compression: 0
  read_amp_bytes_per_bit: 0
  format_version: 4
  enable_index_compression: 1
  block_align: 0
2021/11/07-09:28:45.358967 114bd1e00        Options.write_buffer_size: 67108864
2021/11/07-09:28:45.358968 114bd1e00  Options.max_write_buffer_number: 2
2021/11/07-09:28:45.358971 114bd1e00          Options.compression: NoCompression
2021/11/07-09:28:45.358972 114bd1e00                  Options.bottommost_compression: Disabled
2021/11/07-09:28:45.358973 114bd1e00       Options.prefix_extractor: nullptr
2021/11/07-09:28:45.358974 114bd1e00   Options.memtable_insert_with_hint_prefix_extractor: nullptr
2021/11/07-09:28:45.358975 114bd1e00             Options.num_levels: 7
2021/11/07-09:28:45.358976 114bd1e00        Options.min_write_buffer_number_to_merge: 1
2021/11/07-09:28:45.358977 114bd1e00     Options.max_write_buffer_number_to_maintain: 0
2021/11/07-09:28:45.358978 114bd1e00     Options.max_write_buffer_size_to_maintain: 0
2021/11/07-09:28:45.358979 114bd1e00            Options.bottommost_compression_opts.window_bits: -14
2021/11/07-09:28:45.358980 114bd1e00                  Options.bottommost_compression_opts.level: 32767
2021/11/07-09:28:45.358981 114bd1e00               Options.bottommost_compression_opts.strategy: 0
2021/11/07-09:28:45.358982 114bd1e00         Options.bottommost_compression_opts.max_dict_bytes: 0
2021/11/07-09:28:45.358983 114bd1e00         Options.bottommost_compression_opts.zstd_max_train_bytes: 0
2021/11/07-09:28:45.358984 114bd1e00         Options.bottommost_compression_opts.parallel_threads: 1
2021/11/07-09:28:45.358985 114bd1e00                  Options.bottommost_compression_opts.enabled: false
2021/11/07-09:28:45.358986 114bd1e00            Options.compression_opts.window_bits: -14
2021/11/07-09:28:45.358987 114bd1e00                  Options.compression_opts.level: 32767
2021/11/07-09:28:45.358988 114bd1e00               Options.compression_opts.strategy: 0
2021/11/07-09:28:45.358989 114bd1e00         Options.compression_opts.max_dict_bytes: 0
2021/11/07-09:28:45.359016 114bd1e00         Options.compression_opts.zstd_max_train_bytes: 0
2021/11/07-09:28:45.359017 114bd1e00         Options.compression_opts.parallel_threads: 1
2021/11/07-09:28:45.359018 114bd1e00                  Options.compression_opts.enabled: false
2021/11/07-09:28:45.359019 114bd1e00      Options.level0_file_num_compaction_trigger: 4
2021/11/07-09:28:45.359020 114bd1e00          Options.level0_slowdown_writes_trigger: 20
2021/11/07-09:28:45.359021 114bd1e00              Options.level0_stop_writes_trigger: 36
2021/11/07-09:28:45.359022 114bd1e00                   Options.target_file_size_base: 67108864
2021/11/07-09:28:45.359023 114bd1e00             Options.target_file_size_multiplier: 1
2021/11/07-09:28:45.359024 114bd1e00                Options.max_bytes_for_level_base: 268435456
2021/11/07-09:28:45.359025 114bd1e00 Options.level_compaction_dynamic_level_bytes: 0
2021/11/07-09:28:45.359026 114bd1e00          Options.max_bytes_for_level_multiplier: 10.000000
2021/11/07-09:28:45.359027 114bd1e00 Options.max_bytes_for_level_multiplier_addtl[0]: 1
2021/11/07-09:28:45.359028 114bd1e00 Options.max_bytes_for_level_multiplier_addtl[1]: 1
2021/11/07-09:28:45.359029 114bd1e00 Options.max_bytes_for_level_multiplier_addtl[2]: 1
2021/11/07-09:28:45.359030 114bd1e00 Options.max_bytes_for_level_multiplier_addtl[3]: 1
2021/11/07-09:28:45.359031 114bd1e00 Options.max_bytes_for_level_multiplier_addtl[4]: 1
2021/11/07-09:28:45.359032 114bd1e00 Options.max_bytes_for_level_multiplier_addtl[5]: 1
2021/11/07-09:28:45.359033 114bd1e00 Options.max_bytes_for_level_multiplier_addtl[6]: 1
2021/11/07-09:28:45.359034 114bd1e00       Options.max_sequential_skip_in_iterations: 8
2021/11/07-09:28:45.359035 114bd1e00                    Options.max_compaction_bytes: 1677721600
2021/11/07-09:28:45.359036 114bd1e00                        Options.arena_block_size: 8388608
2021/11/07-09:28:45.359037 114bd1e00   Options.soft_pending_compaction_bytes_limit: 68719476736
2021/11/07-09:28:45.359038 114bd1e00   Options.hard_pending_compaction_bytes_limit: 274877906944
2021/11/07-09:28:45.359039 114bd1e00       Options.rate_limit_delay_max_milliseconds: 100
2021/11/07-09:28:45.359040 114bd1e00                Options.disable_auto_compactions: 0
2021/11/07-09:28:45.359041 114bd1e00                        Options.compaction_style: kCompactionStyleLevel
2021/11/07-09:28:45.359042 114bd1e00                          Options.compaction_pri: kMinOverlappingRatio
2021/11/07-09:28:45.359043 114bd1e00 Options.compaction_options_universal.size_ratio: 1
2021/11/07-09:28:45.359044 114bd1e00 Options.compaction_options_universal.min_merge_width: 2
2021/11/07-09:28:45.359045 114bd1e00 Options.compaction_options_universal.max_merge_width: 4294967295
2021/11/07-09:28:45.359046 114bd1e00 Options.compaction_options_universal.max_size_amplification_percent: 200
2021/11/07-09:28:45.359047 114bd1e00 Options.compaction_options_universal.compression_size_percent: -1
2021/11/07-09:28:45.359048 114bd1e00 Options.compaction_options_universal.stop_style: kCompactionStopStyleTotalSize
2021/11/07-09:28:45.359049 114bd1e00 Options.compaction_options_fifo.max_table_files_size: 1073741824
2021/11/07-09:28:45.359050 114bd1e00 Options.compaction_options_fifo.allow_compaction: 0
2021/11/07-09:28:45.359056 114bd1e00                   Options.table_properties_collectors: 
2021/11/07-09:28:45.359057 114bd1e00                   Options.inplace_update_support: 0
2021/11/07-09:28:45.359058 114bd1e00                 Options.inplace_update_num_locks: 10000
2021/11/07-09:28:45.359059 114bd1e00               Options.memtable_prefix_bloom_size_ratio: 0.000000
2021/11/07-09:28:45.359060 114bd1e00               Options.memtable_whole_key_filtering: 0
2021/11/07-09:28:45.359061 114bd1e00   Options.memtable_huge_page_size: 0
2021/11/07-09:28:45.359062 114bd1e00                           Options.bloom_locality: 0
2021/11/07-09:28:45.359063 114bd1e00                    Options.max_successive_merges: 0
2021/11/07-09:28:45.359064 114bd1e00                Options.optimize_filters_for_hits: 0
2021/11/07-09:28:45.359084 114bd1e00                Options.paranoid_file_checks: 0
2021/11/07-09:28:45.359085 114bd1e00                Options.force_consistency_checks: 1
2021/11/07-09:28:45.359086 114bd1e00                Options.report_bg_io_stats: 0
2021/11/07-09:28:45.359087 114bd1e00                               Options.ttl: 2592000
2021/11/07-09:28:45.359088 114bd1e00          Options.periodic_compaction_seconds: 0
2021/11/07-09:28:45.359089 114bd1e00                    Options.enable_blob_files: false
2021/11/07-09:28:45.359090 114bd1e00                        Options.min_blob_size: 0
2021/11/07-09:28:45.359090 114bd1e00                       Options.blob_file_size: 268435456
2021/11/07-09:28:45.359092 114bd1e00                Options.blob_compression_type: NoCompression
2021/11/07-09:28:45.359092 114bd1e00       Options.enable_blob_garbage_collection: false
2021/11/07-09:28:45.359093 114bd1e00   Options.blob_garbage_collection_age_cutoff: 0.250000
2021/11/07-09:28:45.359522 114bd1e00 [db/version_set.cc:4805] Recovered from manifest file:test-ledger/rocksdb/MANIFEST-000001 succeeded,manifest_file_number is 1, next_file_number is 3, last_sequence is 0, log_number is 0,prev_log_number is 0,max_column_family is 0,min_log_number_to_keep is 0
2021/11/07-09:28:45.359526 114bd1e00 [db/version_set.cc:4814] Column family [default] (ID 0), log number is 0
2021/11/07-09:28:45.359693 114bd1e00 [db/version_set.cc:4111] Creating manifest 3
2021/11/07-09:28:45.360640 114bd1e00 [db/column_family.cc:597] --------------- Options for column family [meta]:
2021/11/07-09:28:45.360644 114bd1e00               Options.comparator: leveldb.BytewiseComparator
2021/11/07-09:28:45.360646 114bd1e00           Options.merge_operator: None
2021/11/07-09:28:45.360647 114bd1e00        Options.compaction_filter: None
2021/11/07-09:28:45.360650 114bd1e00        Options.compaction_filter_factory: purged_slot_filter_factory(meta)
2021/11/07-09:28:45.360651 114bd1e00  Options.sst_partitioner_factory: None
2021/11/07-09:28:45.360652 114bd1e00         Options.memtable_factory: SkipListFactory
2021/11/07-09:28:45.360653 114bd1e00            Options.table_factory: BlockBasedTable
2021/11/07-09:28:45.360673 114bd1e00            table_factory options:   flush_block_policy_factory: FlushBlockBySizePolicyFactory (0x7fc351105970)
  cache_index_and_filter_blocks: 0
  cache_index_and_filter_blocks_with_high_priority: 1
  pin_l0_filter_and_index_blocks_in_cache: 0
  pin_top_level_index_and_filter: 1
  index_type: 0
  data_block_index_type: 0
  index_shortening: 1
  data_block_hash_table_util_ratio: 0.750000
  hash_index_allow_collision: 1
  checksum: 1
  no_block_cache: 0
  block_cache: 0x7fc3511059b8
  block_cache_name: LRUCache
  block_cache_options:
    capacity : 8388608
    num_shard_bits : 4
    strict_capacity_limit : 0
    memory_allocator : None
    high_pri_pool_ratio: 0.000
  block_cache_compressed: 0x0
  persistent_cache: 0x0
  block_size: 4096
  block_size_deviation: 10
  block_restart_interval: 16
  index_block_restart_interval: 1
  metadata_block_size: 4096
  partition_filters: 0
  use_delta_encoding: 1
  filter_policy: nullptr
  whole_key_filtering: 1
  verify_compression: 0
  read_amp_bytes_per_bit: 0
  format_version: 4
  enable_index_compression: 1
  block_align: 0
2021/11/07-09:28:45.360678 114bd1e00        Options.write_buffer_size: 268435456
2021/11/07-09:28:45.360679 114bd1e00  Options.max_write_buffer_number: 8
2021/11/07-09:28:45.360680 114bd1e00          Options.compression: NoCompression
2021/11/07-09:28:45.360681 114bd1e00                  Options.bottommost_compression: Disabled
2021/11/07-09:28:45.360682 114bd1e00       Options.prefix_extractor: nullptr
2021/11/07-09:28:45.360683 114bd1e00   Options.memtable_insert_with_hint_prefix_extractor: nullptr
2021/11/07-09:28:45.360684 114bd1e00             Options.num_levels: 7
2021/11/07-09:28:45.360685 114bd1e00        Options.min_write_buffer_number_to_merge: 1
2021/11/07-09:28:45.360686 114bd1e00     Options.max_write_buffer_number_to_maintain: 0
2021/11/07-09:28:45.360687 114bd1e00     Options.max_write_buffer_size_to_maintain: 0
2021/11/07-09:28:45.360688 114bd1e00            Options.bottommost_compression_opts.window_bits: -14
2021/11/07-09:28:45.360689 114bd1e00                  Options.bottommost_compression_opts.level: 32767
2021/11/07-09:28:45.360690 114bd1e00               Options.bottommost_compression_opts.strategy: 0
2021/11/07-09:28:45.360691 114bd1e00         Options.bottommost_compression_opts.max_dict_bytes: 0
2021/11/07-09:28:45.360692 114bd1e00         Options.bottommost_compression_opts.zstd_max_train_bytes: 0
2021/11/07-09:28:45.360693 114bd1e00         Options.bottommost_compression_opts.parallel_threads: 1
2021/11/07-09:28:45.360694 114bd1e00                  Options.bottommost_compression_opts.enabled: false
2021/11/07-09:28:45.360695 114bd1e00            Options.compression_opts.window_bits: -14
2021/11/07-09:28:45.360696 114bd1e00                  Options.compression_opts.level: 32767
2021/11/07-09:28:45.360697 114bd1e00               Options.compression_opts.strategy: 0
2021/11/07-09:28:45.360698 114bd1e00         Options.compression_opts.max_dict_bytes: 0
2021/11/07-09:28:45.360698 114bd1e00         Options.compression_opts.zstd_max_train_bytes: 0
2021/11/07-09:28:45.360699 114bd1e00         Options.compression_opts.parallel_threads: 1
2021/11/07-09:28:45.360700 114bd1e00                  Options.compression_opts.enabled: false
2021/11/07-09:28:45.360701 114bd1e00      Options.level0_file_num_compaction_trigger: 4
2021/11/07-09:28:45.360725 114bd1e00          Options.level0_slowdown_writes_trigger: 20
2021/11/07-09:28:45.360727 114bd1e00              Options.level0_stop_writes_trigger: 36
2021/11/07-09:28:45.360728 114bd1e00                   Options.target_file_size_base: 107374182
2021/11/07-09:28:45.360729 114bd1e00             Options.target_file_size_multiplier: 1
2021/11/07-09:28:45.360729 114bd1e00                Options.max_bytes_for_level_base: 1073741824
2021/11/07-09:28:45.360730 114bd1e00 Options.level_compaction_dynamic_level_bytes: 0
2021/11/07-09:28:45.360731 114bd1e00          Options.max_bytes_for_level_multiplier: 10.000000
2021/11/07-09:28:45.360733 114bd1e00 Options.max_bytes_for_level_multiplier_addtl[0]: 1
2021/11/07-09:28:45.360734 114bd1e00 Options.max_bytes_for_level_multiplier_addtl[1]: 1
2021/11/07-09:28:45.360735 114bd1e00 Options.max_bytes_for_level_multiplier_addtl[2]: 1
2021/11/07-09:28:45.360736 114bd1e00 Options.max_bytes_for_level_multiplier_addtl[3]: 1
2021/11/07-09:28:45.360737 114bd1e00 Options.max_bytes_for_level_multiplier_addtl[4]: 1
2021/11/07-09:28:45.360738 114bd1e00 Options.max_bytes_for_level_multiplier_addtl[5]: 1
2021/11/07-09:28:45.360738 114bd1e00 Options.max_bytes_for_level_multiplier_addtl[6]: 1
2021/11/07-09:28:45.360739 114bd1e00       Options.max_sequential_skip_in_iterations: 8
2021/11/07-09:28:45.360740 114bd1e00                    Options.max_compaction_bytes: 2684354550
2021/11/07-09:28:45.360741 114bd1e00                        Options.arena_block_size: 33554432
2021/11/07-09:28:45.360742 114bd1e00   Options.soft_pending_compaction_bytes_limit: 68719476736
2021/11/07-09:28:45.360743 114bd1e00   Options.hard_pending_compaction_bytes_limit: 274877906944
2021/11/07-09:28:45.360744 114bd1e00       Options.rate_limit_delay_max_milliseconds: 100
2021/11/07-09:28:45.360745 114bd1e00                Options.disable_auto_compactions: 0
2021/11/07-09:28:45.360746 114bd1e00                        Options.compaction_style: kCompactionStyleLevel
2021/11/07-09:28:45.360747 114bd1e00                          Options.compaction_pri: kMinOverlappingRatio
2021/11/07-09:28:45.360748 114bd1e00 Options.compaction_options_universal.size_ratio: 1
2021/11/07-09:28:45.360749 114bd1e00 Options.compaction_options_universal.min_merge_width: 2
2021/11/07-09:28:45.360750 114bd1e00 Options.compaction_options_universal.max_merge_width: 4294967295
2021/11/07-09:28:45.360751 114bd1e00 Options.compaction_options_universal.max_size_amplification_percent: 200
2021/11/07-09:28:45.360752 114bd1e00 Options.compaction_options_universal.compression_size_percent: -1
2021/11/07-09:28:45.360753 114bd1e00 Options.compaction_options_universal.stop_style: kCompactionStopStyleTotalSize
2021/11/07-09:28:45.360754 114bd1e00 Options.compaction_options_fifo.max_table_files_size: 1073741824
2021/11/07-09:28:45.360755 114bd1e00 Options.compaction_options_fifo.allow_compaction: 0
2021/11/07-09:28:45.360757 114bd1e00                   Options.table_properties_collectors: 
2021/11/07-09:28:45.360758 114bd1e00                   Options.inplace_update_support: 0
2021/11/07-09:28:45.360758 114bd1e00                 Options.inplace_update_num_locks: 10000
2021/11/07-09:28:45.360759 114bd1e00               Options.memtable_prefix_bloom_size_ratio: 0.000000
2021/11/07-09:28:45.360760 114bd1e00               Options.memtable_whole_key_filtering: 0
2021/11/07-09:28:45.360761 114bd1e00   Options.memtable_huge_page_size: 0
2021/11/07-09:28:45.360762 114bd1e00                           Options.bloom_locality: 0
2021/11/07-09:28:45.360763 114bd1e00                    Options.max_successive_merges: 0
2021/11/07-09:28:45.360764 114bd1e00                Options.optimize_filters_for_hits: 0
2021/11/07-09:28:45.360765 114bd1e00                Options.paranoid_file_checks: 0
2021/11/07-09:28:45.360766 114bd1e00                Options.force_consistency_checks: 1
2021/11/07-09:28:45.360767 114bd1e00                Options.report_bg_io_stats: 0
2021/11/07-09:28:45.360768 114bd1e00                               Options.ttl: 2592000
2021/11/07-09:28:45.360786 114bd1e00          Options.periodic_compaction_seconds: 2592000
2021/11/07-09:28:45.360787 114bd1e00                    Options.enable_blob_files: false
2021/11/07-09:28:45.360788 114bd1e00                        Options.min_blob_size: 0
2021/11/07-09:28:45.360789 114bd1e00                       Options.blob_file_size: 268435456
2021/11/07-09:28:45.360790 114bd1e00                Options.blob_compression_type: NoCompression
2021/11/07-09:28:45.360791 114bd1e00       Options.enable_blob_garbage_collection: false
2021/11/07-09:28:45.360792 114bd1e00   Options.blob_garbage_collection_age_cutoff: 0.250000
2021/11/07-09:28:45.360849 114bd1e00 [db/db_impl/db_impl.cc:2658] Created column family [meta] (ID 1)
2021/11/07-09:28:45.363015 114bd1e00 [db/column_family.cc:597] --------------- Options for column family [dead_slots]:
2021/11/07-09:28:45.363021 114bd1e00               Options.comparator: leveldb.BytewiseComparator
2021/11/07-09:28:45.363022 114bd1e00           Options.merge_operator: None
2021/11/07-09:28:45.363023 114bd1e00        Options.compaction_filter: None
2021/11/07-09:28:45.363024 114bd1e00        Options.compaction_filter_factory: purged_slot_filter_factory(dead_slots)
2021/11/07-09:28:45.363025 114bd1e00  Options.sst_partitioner_factory: None
2021/11/07-09:28:45.363026 114bd1e00         Options.memtable_factory: SkipListFactory
2021/11/07-09:28:45.363027 114bd1e00            Options.table_factory: BlockBasedTable
2021/11/07-09:28:45.363042 114bd1e00            table_factory options:   flush_block_policy_factory: FlushBlockBySizePolicyFactory (0x7fc351106620)
  cache_index_and_filter_blocks: 0
  cache_index_and_filter_blocks_with_high_priority: 1
  pin_l0_filter_and_index_blocks_in_cache: 0
  pin_top_level_index_and_filter: 1
  index_type: 0
  data_block_index_type: 0
  index_shortening: 1
  data_block_hash_table_util_ratio: 0.750000
  hash_index_allow_collision: 1
  checksum: 1
  no_block_cache: 0
  block_cache: 0x7fc351106668
  block_cache_name: LRUCache
  block_cache_options:
    capacity : 8388608
    num_shard_bits : 4
    strict_capacity_limit : 0
    memory_allocator : None
    high_pri_pool_ratio: 0.000
  block_cache_compressed: 0x0
  persistent_cache: 0x0
  block_size: 4096
  block_size_deviation: 10
  block_restart_interval: 16
  index_block_restart_interval: 1
  metadata_block_size: 4096
  partition_filters: 0
  use_delta_encoding: 1
  filter_policy: nullptr
  whole_key_filtering: 1
  verify_compression: 0
  read_amp_bytes_per_bit: 0
  format_version: 4
  enable_index_compression: 1
  block_align: 0
2021/11/07-09:28:45.363045 114bd1e00        Options.write_buffer_size: 268435456
2021/11/07-09:28:45.363046 114bd1e00  Options.max_write_buffer_number: 8
2021/11/07-09:28:45.363047 114bd1e00          Options.compression: NoCompression
2021/11/07-09:28:45.363048 114bd1e00                  Options.bottommost_compression: Disabled
2021/11/07-09:28:45.363049 114bd1e00       Options.prefix_extractor: nullptr
2021/11/07-09:28:45.363050 114bd1e00   Options.memtable_insert_with_hint_prefix_extractor: nullptr
2021/11/07-09:28:45.363051 114bd1e00             Options.num_levels: 7
2021/11/07-09:28:45.363052 114bd1e00        Options.min_write_buffer_number_to_merge: 1
2021/11/07-09:28:45.363053 114bd1e00     Options.max_write_buffer_number_to_maintain: 0
2021/11/07-09:28:45.363054 114bd1e00     Options.max_write_buffer_size_to_maintain: 0
2021/11/07-09:28:45.363055 114bd1e00            Options.bottommost_compression_opts.window_bits: -14
2021/11/07-09:28:45.363056 114bd1e00                  Options.bottommost_compression_opts.level: 32767
2021/11/07-09:28:45.363057 114bd1e00               Options.bottommost_compression_opts.strategy: 0
2021/11/07-09:28:45.363058 114bd1e00         Options.bottommost_compression_opts.max_dict_bytes: 0
2021/11/07-09:28:45.363059 114bd1e00         Options.bottommost_compression_opts.zstd_max_train_bytes: 0
2021/11/07-09:28:45.363060 114bd1e00         Options.bottommost_compression_opts.parallel_threads: 1
2021/11/07-09:28:45.363061 114bd1e00                  Options.bottommost_compression_opts.enabled: false
2021/11/07-09:28:45.363062 114bd1e00            Options.compression_opts.window_bits: -14
2021/11/07-09:28:45.363063 114bd1e00                  Options.compression_opts.level: 32767
2021/11/07-09:28:45.363064 114bd1e00               Options.compression_opts.strategy: 0
2021/11/07-09:28:45.363065 114bd1e00         Options.compression_opts.max_dict_bytes: 0
2021/11/07-09:28:45.363066 114bd1e00         Options.compression_opts.zstd_max_train_bytes: 0
2021/11/07-09:28:45.363066 114bd1e00         Options.compression_opts.parallel_threads: 1
2021/11/07-09:28:45.363067 114bd1e00                  Options.compression_opts.enabled: false
2021/11/07-09:28:45.363068 114bd1e00      Options.level0_file_num_compaction_trigger: 4
2021/11/07-09:28:45.363093 114bd1e00          Options.level0_slowdown_writes_trigger: 20
2021/11/07-09:28:45.363094 114bd1e00              Options.level0_stop_writes_trigger: 36
2021/11/07-09:28:45.363095 114bd1e00                   Options.target_file_size_base: 107374182
2021/11/07-09:28:45.363096 114bd1e00             Options.target_file_size_multiplier: 1
2021/11/07-09:28:45.363097 114bd1e00                Options.max_bytes_for_level_base: 1073741824
2021/11/07-09:28:45.363098 114bd1e00 Options.level_compaction_dynamic_level_bytes: 0
2021/11/07-09:28:45.363099 114bd1e00          Options.max_bytes_for_level_multiplier: 10.000000
2021/11/07-09:28:45.363100 114bd1e00 Options.max_bytes_for_level_multiplier_addtl[0]: 1
2021/11/07-09:28:45.363101 114bd1e00 Options.max_bytes_for_level_multiplier_addtl[1]: 1
2021/11/07-09:28:45.363102 114bd1e00 Options.max_bytes_for_level_multiplier_addtl[2]: 1
2021/11/07-09:28:45.363103 114bd1e00 Options.max_bytes_for_level_multiplier_addtl[3]: 1
2021/11/07-09:28:45.363104 114bd1e00 Options.max_bytes_for_level_multiplier_addtl[4]: 1
2021/11/07-09:28:45.363105 114bd1e00 Options.max_bytes_for_level_multiplier_addtl[5]: 1
2021/11/07-09:28:45.363106 114bd1e00 Options.max_bytes_for_level_multiplier_addtl[6]: 1
2021/11/07-09:28:45.363107 114bd1e00       Options.max_sequential_skip_in_iterations: 8
2021/11/07-09:28:45.363108 114bd1e00                    Options.max_compaction_bytes: 2684354550
2021/11/07-09:28:45.363109 114bd1e00                        Options.arena_block_size: 33554432
2021/11/07-09:28:45.363110 114bd1e00   Options.soft_pending_compaction_bytes_limit: 68719476736
2021/11/07-09:28:45.363111 114bd1e00   Options.hard_pending_compaction_bytes_limit: 274877906944
2021/11/07-09:28:45.363112 114bd1e00       Options.rate_limit_delay_max_milliseconds: 100
2021/11/07-09:28:45.363112 114bd1e00                Options.disable_auto_compactions: 0
2021/11/07-09:28:45.363114 114bd1e00                        Options.compaction_style: kCompactionStyleLevel
2021/11/07-09:28:45.363115 114bd1e00                          Options.compaction_pri: kMinOverlappingRatio
2021/11/07-09:28:45.363115 114bd1e00 Options.compaction_options_universal.size_ratio: 1
2021/11/07-09:28:45.363116 114bd1e00 Options.compaction_options_universal.min_merge_width: 2
2021/11/07-09:28:45.363117 114bd1e00 Options.compaction_options_universal.max_merge_width: 4294967295
2021/11/07-09:28:45.363118 114bd1e00 Options.compaction_options_universal.max_size_amplification_percent: 200
2021/11/07-09:28:45.363119 114bd1e00 Options.compaction_options_universal.compression_size_percent: -1
2021/11/07-09:28:45.363121 114bd1e00 Options.compaction_options_universal.stop_style: kCompactionStopStyleTotalSize
2021/11/07-09:28:45.363122 114bd1e00 Options.compaction_options_fifo.max_table_files_size: 1073741824
2021/11/07-09:28:45.363123 114bd1e00 Options.compaction_options_fifo.allow_compaction: 0
2021/11/07-09:28:45.363124 114bd1e00                   Options.table_properties_collectors: 
2021/11/07-09:28:45.363125 114bd1e00                   Options.inplace_update_support: 0
2021/11/07-09:28:45.363126 114bd1e00                 Options.inplace_update_num_locks: 10000
2021/11/07-09:28:45.363127 114bd1e00               Options.memtable_prefix_bloom_size_ratio: 0.000000
2021/11/07-09:28:45.363128 114bd1e00               Options.memtable_whole_key_filtering: 0
2021/11/07-09:28:45.363129 114bd1e00   Options.memtable_huge_page_size: 0
2021/11/07-09:28:45.363130 114bd1e00                           Options.bloom_locality: 0
2021/11/07-09:28:45.363131 114bd1e00                    Options.max_successive_merges: 0
2021/11/07-09:28:45.363132 114bd1e00                Options.optimize_filters_for_hits: 0
2021/11/07-09:28:45.363132 114bd1e00                Options.paranoid_file_checks: 0
2021/11/07-09:28:45.363133 114bd1e00                Options.force_consistency_checks: 1
2021/11/07-09:28:45.363134 114bd1e00                Options.report_bg_io_stats: 0
2021/11/07-09:28:45.363135 114bd1e00                               Options.ttl: 2592000
2021/11/07-09:28:45.363153 114bd1e00          Options.periodic_compaction_seconds: 2592000
2021/11/07-09:28:45.363154 114bd1e00                    Options.enable_blob_files: false
2021/11/07-09:28:45.363155 114bd1e00                        Options.min_blob_size: 0
2021/11/07-09:28:45.363156 114bd1e00                       Options.blob_file_size: 268435456
2021/11/07-09:28:45.363157 114bd1e00                Options.blob_compression_type: NoCompression
2021/11/07-09:28:45.363158 114bd1e00       Options.enable_blob_garbage_collection: false
2021/11/07-09:28:45.363159 114bd1e00   Options.blob_garbage_collection_age_cutoff: 0.250000
2021/11/07-09:28:45.363225 114bd1e00 [db/db_impl/db_impl.cc:2658] Created column family [dead_slots] (ID 2)
2021/11/07-09:28:45.365823 114bd1e00 [db/column_family.cc:597] --------------- Options for column family [duplicate_slots]:
2021/11/07-09:28:45.365827 114bd1e00               Options.comparator: leveldb.BytewiseComparator
2021/11/07-09:28:45.365829 114bd1e00           Options.merge_operator: None
2021/11/07-09:28:45.365830 114bd1e00        Options.compaction_filter: None
2021/11/07-09:28:45.365831 114bd1e00        Options.compaction_filter_factory: purged_slot_filter_factory(duplicate_slots)
2021/11/07-09:28:45.365832 114bd1e00  Options.sst_partitioner_factory: None
2021/11/07-09:28:45.365833 114bd1e00         Options.memtable_factory: SkipListFactory
2021/11/07-09:28:45.365834 114bd1e00            Options.table_factory: BlockBasedTable
2021/11/07-09:28:45.365852 114bd1e00            table_factory options:   flush_block_policy_factory: FlushBlockBySizePolicyFactory (0x7fc351107280)
  cache_index_and_filter_blocks: 0
  cache_index_and_filter_blocks_with_high_priority: 1
  pin_l0_filter_and_index_blocks_in_cache: 0
  pin_top_level_index_and_filter: 1
  index_type: 0
  data_block_index_type: 0
  index_shortening: 1
  data_block_hash_table_util_ratio: 0.750000
  hash_index_allow_collision: 1
  checksum: 1
  no_block_cache: 0
  block_cache: 0x7fc3511072c8
  block_cache_name: LRUCache
  block_cache_options:
    capacity : 8388608
    num_shard_bits : 4
    strict_capacity_limit : 0
    memory_allocator : None
    high_pri_pool_ratio: 0.000
  block_cache_compressed: 0x0
  persistent_cache: 0x0
  block_size: 4096
  block_size_deviation: 10
  block_restart_interval: 16
  index_block_restart_interval: 1
  metadata_block_size: 4096
  partition_filters: 0
  use_delta_encoding: 1
  filter_policy: nullptr
  whole_key_filtering: 1
  verify_compression: 0
  read_amp_bytes_per_bit: 0
  format_version: 4
  enable_index_compression: 1
  block_align: 0
2021/11/07-09:28:45.365854 114bd1e00        Options.write_buffer_size: 268435456
2021/11/07-09:28:45.365856 114bd1e00  Options.max_write_buffer_number: 8
2021/11/07-09:28:45.365857 114bd1e00          Options.compression: NoCompression
2021/11/07-09:28:45.365858 114bd1e00                  Options.bottommost_compression: Disabled
2021/11/07-09:28:45.365859 114bd1e00       Options.prefix_extractor: nullptr
2021/11/07-09:28:45.365859 114bd1e00   Options.memtable_insert_with_hint_prefix_extractor: nullptr
2021/11/07-09:28:45.365860 114bd1e00             Options.num_levels: 7
2021/11/07-09:28:45.365861 114bd1e00        Options.min_write_buffer_number_to_merge: 1
2021/11/07-09:28:45.365862 114bd1e00     Options.max_write_buffer_number_to_maintain: 0
2021/11/07-09:28:45.365863 114bd1e00     Options.max_write_buffer_size_to_maintain: 0
2021/11/07-09:28:45.365864 114bd1e00            Options.bottommost_compression_opts.window_bits: -14
2021/11/07-09:28:45.365865 114bd1e00                  Options.bottommost_compression_opts.level: 32767
2021/11/07-09:28:45.365866 114bd1e00               Options.bottommost_compression_opts.strategy: 0
2021/11/07-09:28:45.365867 114bd1e00         Options.bottommost_compression_opts.max_dict_bytes: 0
2021/11/07-09:28:45.365868 114bd1e00         Options.bottommost_compression_opts.zstd_max_train_bytes: 0
2021/11/07-09:28:45.365869 114bd1e00         Options.bottommost_compression_opts.parallel_threads: 1
2021/11/07-09:28:45.365870 114bd1e00                  Options.bottommost_compression_opts.enabled: false
2021/11/07-09:28:45.365871 114bd1e00            Options.compression_opts.window_bits: -14
2021/11/07-09:28:45.365872 114bd1e00                  Options.compression_opts.level: 32767
2021/11/07-09:28:45.365873 114bd1e00               Options.compression_opts.strategy: 0
2021/11/07-09:28:45.365874 114bd1e00         Options.compression_opts.max_dict_bytes: 0
2021/11/07-09:28:45.365875 114bd1e00         Options.compression_opts.zstd_max_train_bytes: 0
2021/11/07-09:28:45.365876 114bd1e00         Options.compression_opts.parallel_threads: 1
2021/11/07-09:28:45.365876 114bd1e00                  Options.compression_opts.enabled: false
